pillar0_0 10.299999872843424 49.0 1.4000000029802322
pillar0_1 10.299999872843424 40.0 1.4000000029802322
pillar0_2 10.299999872843424 25.299999491373697 1.4000000029802322
pillar0_3 10.299999872843424 19.39999974568685 1.4000000029802322
pillar0_4 10.299999872843424 10.699999872843424 1.4000000029802322
pillar0_5 10.299999872843424 2.200000023841858 1.4000000029802322
pillar1_0 18.399999872843424 2.200000023841858 1.4000000029802322
pillar0_6 10.299999872843424 31.5 1.4000000029802322
pillar1_4 18.399999872843424 39.7999994913737 1.4000000029802322
pillar1_3 18.399999872843424 19.700000508626303 1.4000000029802322
pillar1_2 18.399999872843424 49.0 1.4000000029802322
pillar1_1 18.399999872843424 25.5 1.4000000029802322
pillar1_6 18.399999872843424 10.600000254313152 1.4000000029802322
pillar2_0 27.0 10.600000254313152 1.4000000029802322
pillar1_5 18.399999872843424 31.5 1.4000000029802322
pillar2_1 27.0 2.200000023841858 1.4000000029802322
pillar2_5 27.0 39.900001017252606 1.4000000029802322
pillar2_4 27.0 31.39999974568685 1.4000000029802322
pillar2_2 27.0 19.0 1.4000000029802322
pillar2_3 27.0 25.299999491373697 1.4000000029802322
pillar3_0 35.300000508626304 10.600000254313152 1.4000000029802322
pillar2_6 27.0 49.0 1.4000000029802322
